6.814307622711016782e-03
7.047551778587663948e-04
6.470284985936827597e-03
-3.551999873286543034e-03
3.940446741628621588e-03
5.303346563585863323e-03
-9.839163854428098748e-04
-3.113715837932811217e-03
1.008491152327373533e-02
-3.233657103179456323e-03
1.445752872945900783e-02
1.222914233696755816e-03
1.229813293411967552e-02
3.528894840101217539e-02
2.834826916953400028e-02
9.420836056052253257e-03
5.677230468405955639e-03
-2.464307527733420114e-03
-3.682562191392087843e-03
2.942196530211781819e-03
6.613933735262067168e-03
-5.316073542990257944e-03
1.403153943223084746e-02
-1.836275086709361756e-03
-3.474076005955868164e-03
4.515981321402446486e-02
1.699761442147673879e-03
-1.171424702506154930e-03
6.285042156737288312e-03
4.654148664680791622e-03
3.353781596044495134e-02
3.134430715510323068e-02
1.515498881924659015e-02
-2.738193226827188419e-03
4.839577604733672281e-03
8.753993956258974626e-03
9.277190401767540506e-03
1.621562862947983474e-03
2.704424016046960352e-02
2.704424016046960352e-02
2.704424016046960352e-02
2.704424016046960352e-02
4.053732773092426356e-02
1.383305546429691550e-02
9.515150158447751444e-03
9.822345648404914517e-03
3.853565223232125608e-02
-1.905055489652458236e-03
3.511409466114336075e-02
7.964216093738131497e-03
7.964216093738131497e-03
7.964216093738131497e-03
7.964216093738131497e-03
4.984478549107220283e-03
1.916505312372580698e-03
-2.030078537992853656e-03
1.471706344270609298e-02
1.449362159356434344e-03
2.516836532344682992e-02
1.460924631083350064e-02
-3.057624690418084788e-03
3.517840424718194497e-02
-4.763966674193831309e-04
2.474524995234038925e-03
6.058260539402590510e-03
1.148030422229231601e-01
4.767016632348636956e-02
-5.384318943496153517e-03
-4.458172467778709694e-03
5.221873239914161940e-02
-5.188471409368638002e-03
3.650667823273626156e-02
-4.249276399059135310e-03
-4.669073490387769601e-04
3.508560355054019669e-02
-3.787600049110698489e-03
-4.366908053543993966e-03
8.890818278674682273e-03
5.681040866243942944e-03
-1.668589982869576362e-04
-4.821281829132053991e-03
-2.361550455078612401e-03
3.220029023188319267e-02
4.242729341812678627e-03
1.492898791029379987e-02
2.593376700019092707e-02
1.777761432958674869e-03
9.015832511228180982e-03
-1.814053997952971495e-03
-4.652493918462983352e-03
1.561982873583378333e-02
8.064745936404068768e-03
9.262211260508939736e-04
-1.681113627191413527e-03
3.909036765179309952e-03
3.896232189676641922e-03
-4.970547010196620097e-03
-1.695997779174878133e-03
4.744050762306779856e-03
2.354324360729568091e-02
2.264432657171532720e-03
2.017482401038655712e-02
-7.153035295059383472e-03
-4.592379374318651328e-03
6.107159936738526182e-03
2.260722454214603855e-02
3.647317717438636198e-02
-1.972637502206735140e-03
-4.948579402550617665e-04
8.090353809405693292e-03
8.409623693505688391e-02
-5.630125510403382466e-04
1.513533784777057641e-03
-4.570929170578887438e-03
1.120802054732518080e-02
-6.117373125621955281e-03
1.185837188627562530e-02
1.330197393114245299e-02
2.851979839611324882e-02
9.232862943000868031e-03
1.373708496878453490e-03
-1.762284814340015372e-03
4.435700078215194624e-03
8.900714840609572076e-04
3.228598974074619460e-02
1.454702681423392097e-03
3.728330483569869402e-02
-5.395262704817550305e-03
-5.875368690532738365e-04
-2.211385141267882982e-03
-4.194583812540807199e-03
1.407779535916445050e-02
3.842985265920656739e-06
5.949388946888894449e-03
-4.381956513240708832e-03
-6.162043028146139577e-04
3.540882504082436960e-02
5.451100118875049083e-02
1.408769642630666383e-02
1.278339068520666002e-03
1.117789807459632599e-02
4.773756118755000176e-04
2.692603941010752316e-02
-5.690342120161054860e-03
-1.759011971782161246e-03
-1.949946789182117370e-03
1.583463041496468299e-02
1.443430663665088267e-03
-4.727233687979165563e-04
2.496626232466123141e-02
1.231358953468932732e-02
-2.094422884010560364e-03
3.481550399279415009e-03
1.144516436195634236e-03
4.004237797570460965e-03
-4.496297265155147632e-03
-1.984863432378597674e-03
-6.567989793505196218e-03
2.950669380706903450e-03
-2.614371095517737699e-03
-2.079500159251628563e-03
-1.457489219329376456e-03
1.872642468270969973e-02
1.083174584531439513e-02
5.604740130566609156e-03
7.156023632057965933e-03
1.948930670585641289e-02
1.145554223420070655e-03
1.527755511662405065e-02
-3.125836600589780058e-03
-1.426100388939430383e-03
1.903668280836261868e-03
-5.113755902421947275e-03
4.524711587461137732e-04
1.740453874350380778e-02
-2.888288930150308912e-03
-8.835203831334070834e-03
7.920465773554426908e-03
-5.738072311735504909e-03
-1.312674969281034994e-03
4.350559133532722056e-02
7.420821281420355957e-03
2.320757712271074094e-02
1.100159915399896368e-03
3.160605149897761229e-02
6.502358790539653453e-03
3.050408544459116619e-02
1.782291336898743014e-02
-7.884396654239861401e-04
1.380451045072037496e-02
1.771340035634095741e-02
-3.841387198233479038e-03
-6.513433075532546260e-03
4.040640132805849508e-03
-2.553831537993620469e-03
3.788010864977597002e-03
2.467122912717392529e-03
1.362348066642420606e-02
1.227873532379199217e-02
1.003164932399283615e-03
9.265864922498569245e-02
-2.743422609347012219e-03
-7.816434015937774246e-03
1.144962837464815614e-04
1.011281577690642877e-03
5.620335119593602123e-03
1.170307595827638951e-03
7.149822769731558995e-03
-3.148756059189861730e-03
6.294523043195708947e-03
9.858061456727615357e-03
-3.060030789901617247e-03
1.537611391915404656e-02
1.504654108734857984e-02
-1.972546699574881900e-03
-6.077981940242679383e-03
-1.652528098525206553e-03
-4.931564949823673966e-03
-2.473477993496057091e-03
-8.608426173090963189e-04
2.063552527359495056e-02
3.637491393632648253e-03
8.633401144513047978e-03
8.872755236425736158e-03
1.110422348942483040e-02
4.679893410156928460e-03
1.016399309042703702e-02
2.922313108552219898e-03
2.817737865192328217e-02
7.696662981592320178e-04
1.338575729821816530e-02
-3.027809180803657432e-03
-7.191091096954809999e-04
8.481001738691937427e-05
1.558446811057360298e-02
-3.976864545271646505e-03
1.789554828317294066e-02
-3.077977584034119213e-03
2.595715481000698648e-03
6.520728882979165419e-03
3.573624410371551569e-02
-3.710354452766279672e-03
-4.489764064203760618e-03
-5.301661354782037996e-03
1.676915274709618597e-01
-3.579805512111015409e-04
-2.621894700101953888e-03
7.141379498621659369e-03
1.677723676226215155e-01
1.716423184788880285e-02
2.358979843542528994e-03
2.014227884758376316e-03
2.636689167591606611e-03
1.534124162288822389e-02
2.230173253094854761e-03
-6.822796437002326582e-03
8.645658698535577114e-03
8.295037260349955033e-03
-3.501202609432909219e-03
1.397591264444922494e-02
1.397591264444922494e-02
1.397591264444922494e-02
1.397591264444922494e-02
1.047958783270193373e-02
2.548101704490859411e-03
1.909923426943547012e-02
1.698238994627441489e-01
1.742759664960796470e-03
-6.878554319516182874e-03
-9.512424798124586829e-04
1.058205594259696743e-02
-6.995597021878367273e-03
1.410099838771985102e-02
2.383656501001507264e-03
4.430191020862461054e-03
2.767434500262107994e-02
4.232229203011176125e-03
4.001825509498112624e-03
2.063261274381009494e-02
-4.489095993390399691e-03
3.178971900262224370e-02
8.184188997249248684e-03
1.112732596472795418e-02
6.642018635858134776e-03
-4.118404210980449245e-03
8.901284051642835426e-02
5.901102353932440731e-03
5.323789249776055520e-03
5.858085644687647522e-04
6.195346957382111101e-03
-1.439154465249643930e-03
4.934720221323840410e-04
2.209299421771654739e-02
5.719643708657239610e-03
1.407822625938528853e-02
7.080212108739202329e-03
2.072800145879907080e-04
-4.295259294901676919e-03
8.856201732650104824e-03
3.039382880694580825e-03
1.691326102233546916e-02
-4.997276938767216889e-03
-2.707215074551388295e-03
4.206792913742962367e-03
1.106575887900418604e-03
-6.554368963382926037e-03
6.726116154750675681e-03
1.503528542435334566e-03
-4.448001251403536915e-03
-7.005452534454188925e-03
-3.764893146936610507e-03
9.880460303664155217e-03
-2.551267041870069335e-03
1.319345957150605542e-02
1.223275647466066582e-02
1.673721721410616333e-03
2.065040571662504851e-03
8.117530857402756837e-04
-3.491853171147598755e-03
2.530345571673081086e-03
6.764408590085469603e-03
-9.030802125582871676e-04
1.927753872894404433e-02
-4.230585791037414639e-03
-6.020050442553008009e-03
-2.450676007573627645e-04
-1.000717223953265364e-03
-4.073234615923670802e-03
1.625347189850719076e-02
2.047359450404905371e-02
2.119689517489284185e-03
-1.753460497055014857e-03
-1.749200079925250571e-04
4.096368510524652472e-03
-2.117648815682535591e-03
1.081171181856538030e-02
-6.087976345555133921e-05
1.274963678520362950e-02
1.329119996655168598e-02
2.650240611989063480e-03
1.576596105245742230e-02
-4.349802938480236934e-03
7.050160869156323062e-03
2.895103023460883843e-03
9.250733033831365359e-03
-1.480895921084468927e-04
1.562066211869495708e-02
2.509763664616394829e-02
-2.050305582866252755e-03
4.549869140360935510e-02
-2.553463593765117976e-03
-8.230153752987215366e-04
2.353624619957900461e-03
1.562156103272107494e-02
-4.940224358807732662e-03
-1.395897915373725713e-03
1.521655337322691537e-02
7.039889130101679993e-03
-4.261832892268394273e-04
3.698486939835373549e-03
8.072703142225221701e-03
3.521903795853990188e-03
-6.402076405395072146e-03
1.073846468129758050e-02
4.476209442957542611e-02
-2.339033931680218996e-03
-4.739300248466141001e-03
-1.947395762850223731e-03
2.227827277692578933e-03
5.574902086465913058e-03
3.489580522607349695e-03
-4.222171150634944012e-03
-2.177878439017063867e-03
-3.754626253108709830e-03
2.510418802141260036e-03
3.321173325064398323e-03
1.026167663516477785e-01
1.039256982451735320e-03
-5.324101046616738601e-03
9.543426174561089794e-04
-7.082337866520288863e-03
-2.743864439824607662e-03
3.029177749162124348e-03
2.281864490719264990e-02
-3.144425057175728733e-03
4.658843871403450234e-04
-3.298314404152175808e-03
-3.797985403873862988e-03
3.213110220390140524e-03
1.974195529489707404e-02
2.355408093468524394e-02
-3.973188165061775773e-03
5.672981808754547391e-03
8.143568733075307389e-03
2.932095741428400806e-02
-2.306759715396619354e-03
1.763945609429140235e-02
1.628304294506704303e-03
3.071967701742473605e-02
8.119018831798840291e-03
1.994791837351634310e-03
-7.665438668483627940e-04
1.100290514098028680e-02
-2.126073964868589999e-03
9.503184300097869755e-03
-7.476204623493477516e-03
4.158702221699350082e-03
-3.002941523708606286e-03
-5.250842504737717256e-03
-1.088167428499968925e-03
6.106893700832140282e-02
-3.695180247300635865e-03
5.378277182242798861e-03
1.333688041290834701e-02
1.029694285818080063e-01
-4.165958670662691168e-03
-5.714660591622157393e-03
1.127633483429446928e-02
3.468437194170504584e-02
-5.085352467249341663e-04
2.635413323753106000e-04
1.954940251840350807e-02
-5.679279868326610886e-03
-3.446171637933483425e-03
-6.156711004907530586e-03
1.839000653181826475e-03
2.789723627887489427e-02
2.025764786493374110e-03
7.408962270830595637e-03
-5.079150782479995019e-03
-3.718525852814275339e-04
2.459269243245542236e-03
7.097156198873629668e-03
3.210886155641673196e-03
-6.686508540801743309e-04
-6.242291583298500068e-04
3.755671610803495986e-02
-1.452612425159493159e-04
1.599995703824738311e-02
1.796274048806090901e-02
4.457663160231422478e-03
-2.013197304411211939e-03
-5.739270832657996681e-03
2.295738566681794143e-02
1.415590914686095519e-03
-3.011989973678450873e-03
4.699301263043319243e-03
1.893604823971186540e-02
2.309193976229902221e-03
-4.408108058932116990e-03
3.532262081307913082e-02
3.050877124940801211e-03
2.287981349021702901e-02
-4.075684264923535791e-03
-7.062680121288295379e-04
9.739726820240023021e-04
-5.116602971770108435e-03
1.647017147297719433e-02
4.098772049856822973e-04
2.504704572899409294e-03
4.291863778807024007e-03
8.240911617637526262e-03
-4.431928774464286014e-03
9.589500518297015483e-03
1.192344654747624563e-02
1.726698895549101708e-03
3.999679108722124093e-02
6.352439828646869527e-03
4.938102047486910007e-03
-3.993728717734987103e-03
-9.164217099706497074e-04
1.701249926285187388e-03
-2.509520339264229016e-03
1.503676473252431832e-02
4.834146332860426824e-03
-3.384394065228469532e-03
-7.830718079538335954e-04
4.068237911741725242e-03
-4.376301791636563569e-03
-1.585858395920350860e-03
9.325451113272393427e-03
1.710827912382364806e-03
2.874238905892447307e-03
4.594712637072229967e-03
1.290551463870763700e-02
-5.820714060847159178e-03
3.925287975577431733e-03
-4.246088580815030045e-03
2.165572227835562552e-02
-4.298403976613813376e-03
-3.474533966765751790e-03
-2.524177798639727112e-03
1.252143721404122001e-01
5.982043280837966853e-03
1.931784401865536960e-02
6.815683341666916445e-03
1.650791766541911520e-03
-1.813831841961243037e-03
-3.801777882664665858e-03
4.160109447499242899e-03
-3.796944597960527461e-03
-9.994667575891659494e-04
-2.247322774848518629e-03
1.944530852305210999e-02
7.381221989600810461e-03
9.471297092417363742e-03
1.356634186978207014e-03
-1.708120660954229103e-03
2.198676803233366207e-03
9.998231436102195807e-03
2.178242256834992015e-03
3.044870899111557210e-03
4.223884455045677500e-02
-2.848228405212769113e-03
4.356604093409894435e-02
6.114468605392740785e-03
2.139171561721220707e-02
-2.771904382163015157e-03
1.311071392467411285e-02
2.462111740176105637e-02
-4.613745036787090560e-03
-7.990710398435180726e-04
2.337913035774128942e-02
-6.924785204902111913e-03
-1.491880575481472054e-03
1.202038798004566181e-03
1.929663556503489336e-02
6.911627955347927118e-04
2.453398275767447803e-02
-4.958279019576540374e-03
4.274359237478429427e-03
-2.949652222982304152e-03
-1.414801585192716803e-03
8.322195401927141856e-03
-4.471109678131328022e-03
-3.977147638419283905e-03
2.786246545440580324e-03
1.126905155879831880e-02
2.606845872213277293e-04
1.113519933524470280e-03
-4.825455586974684331e-03
-2.537239053082605313e-03
-2.173814289758205752e-04
-2.551355141714335521e-03
3.493913142161744582e-03
2.228603550448635812e-02
1.408701640810327248e-02
3.113466465099248848e-02
1.653371510073062267e-02
1.903941193369872512e-02
-1.407327680268544504e-03
3.970487191131607044e-03
-5.881632353077365441e-03
1.764102056194072343e-02
4.036281296749989062e-02
-8.430231026967006588e-03
8.456364202556220996e-03
-6.198249033183247242e-03
9.345582163501238437e-03
1.764319503606697273e-02
3.704004397558152695e-02
-6.606235773531803079e-03
2.864778374905637033e-03
3.084565956342119955e-02
-6.125316097296128193e-03
5.630792488903919868e-03
4.329226476510005320e-03
-2.177284541418597922e-04
-3.799288697052332145e-03
8.372336925879421063e-03
2.871737208512253892e-02
3.552515419247637488e-03
7.450383557807194190e-03
9.631088306766165310e-04
-4.241235801238756866e-04
7.706987267338379077e-03
1.431742515714453301e-03
1.078447264268714290e-03
7.317011897287884620e-03
-2.768615981928121590e-03
3.339906581321073348e-02
-9.092848172395591238e-05
-1.071473381531071797e-03
-3.723741769808453124e-03
1.686794446526456576e-02
-8.457381909463041261e-03
3.805276356728985992e-03
7.862738885266135763e-03
-2.370407005379848199e-03
3.261723181373264030e-02
1.477933412578427697e-02
-9.371709078225946322e-04
-3.080941421908797197e-03
-5.554655998329173158e-03
3.595705784645748804e-04
1.269359123705567083e-02
6.127616334017227731e-03
-1.307531318242842900e-05
4.903731161220611229e-03
4.002773922973221557e-03
2.671121615555790627e-02
6.408926603557753808e-03
-8.299959424267980973e-04
-7.972180740075899153e-04
5.783539777074672705e-03
-9.018291871835141735e-04
-4.614358685132769790e-03
-6.217036673617081823e-03
2.019137192268766895e-02
1.623757218749630540e-02
8.975555704146634742e-03
2.234901690350576692e-03
2.977891197560323441e-03
1.020094441967782720e-02
-1.014373520210610103e-03
5.500358995617827228e-03
2.927385803145327384e-02
4.082728268735313394e-05
2.174613374905646698e-02
-6.720699538783824964e-03
1.519773534654102545e-02
2.331700472082720230e-02
-2.628887675052001167e-03
4.263822641194723847e-04
4.790216129831251918e-02
-4.173530114079495798e-03
1.927065146267191789e-02
-4.840815742150549397e-03
3.230144769071608378e-03
4.731498883714083462e-03
1.548134499492463938e-03
5.176681477431137844e-03
9.076066271584111791e-03
1.514245350945627247e-02
-2.328870768756281318e-04
2.926039757161018329e-02
-1.718858810669879073e-04
-2.461619661170505674e-04
1.268382969130086094e-02
-3.989733921933686159e-03
-6.545755253420047423e-03
7.735788442912843940e-03
-5.648280377734226157e-03
-7.494651221472373604e-04
5.955033001849615280e-03
-4.417093724510943835e-03
-4.269437521724559446e-03
1.215716947866277500e-02
-4.967513975815515855e-03
5.201900998638913504e-03
-2.852087845246080704e-03
2.139834600822065544e-02
-2.939174266178125132e-04
6.344903615961941003e-03
-4.623279664298047230e-03
4.925583520146784890e-03
8.784375297160409643e-03
-6.686801715559692258e-03
-9.684281730227594417e-04
-8.113391984359676415e-04
2.294883709397456048e-02
3.826959252173765813e-02
7.720319390799691879e-03
9.234005853490332219e-03
1.042955823739342633e-02
3.459853355668209441e-03
-5.546111411701623584e-03
4.491661583209062732e-03
-1.681328338300117683e-03
-7.103973142362979450e-03
-4.886232352331652904e-04
3.552648795038430645e-05
1.219982263073801469e-02
-4.680374269900360040e-03
-4.340210614163103782e-03
4.314663261580575174e-04
-3.867060558452211413e-03
8.965610505170130279e-03
1.666043424968510767e-02
6.287924800133926420e-03
9.800844043539909053e-03
1.674586120561016162e-02
-4.530679923601155755e-03
1.395695222218689378e-02
7.860286296903315484e-03
1.493045791411320641e-02
3.390516529804450956e-04
-3.135660167998642958e-03
4.660452675902485714e-03
-3.104716844823748705e-03
3.035516590270855453e-03
-8.740577533439138590e-04
-3.574207996540328374e-03
7.404530730554617982e-03
1.901398054051890241e-03
1.578596518571286208e-03
-4.901141676287402299e-03
1.731865909512433216e-02
-3.383251129613576696e-03
-1.759456161060555038e-03
7.384029523767529635e-03
-3.074455932099694547e-03
3.531532429384088168e-03
1.436304796454271034e-03
-1.628910030686233409e-04
5.626827030819221351e-03
5.164832472250801242e-03
-4.805258410468462790e-03
1.426269847651141440e-02
2.181779646175553613e-03
-5.301964065557258562e-04
-2.776791997738385209e-03
4.391370815521149218e-03
-4.196416763952066659e-04
-5.981990727186330646e-03
-5.438068963107265709e-04
8.280812148409902665e-03
-5.212234846020227449e-03
-7.514859879052070537e-04
-1.502870002719371720e-03
-1.717507886099988151e-03
3.219123855853571990e-03
-6.522448711869005718e-03
3.375443466674814350e-03
4.070596386590704871e-04
1.042716759156078234e-02
-5.910521977788801493e-03
-3.710865088531118457e-03
-3.279657301828373984e-03
-1.403212735016882897e-03
1.126022259344374409e-02
2.515921833644111510e-02
6.660182537653673920e-03
3.075567509966154345e-03
6.652108758462013140e-03
2.420038923051859130e-03
4.927244448024849233e-02
-1.859618035581106152e-03
6.205225291895098694e-02
9.458678758559529304e-03
-3.861765926410967980e-05
7.846172416976132657e-03
6.120088990983679755e-03
-2.803434162631015039e-03
-2.670265809521364664e-03
-5.194285154648583744e-03
-6.199838626957036684e-03
2.155778972809596888e-03
-9.660443642542160866e-04
-4.214145745126376269e-03
1.587310569955181772e-03
7.130686626419984256e-05
-2.129573068869357322e-03
-1.141314337068958292e-03
-4.183290179260701000e-03
1.618223824541596472e-04
-7.903101007013710842e-04
2.857160083041569362e-02
6.499982918361359684e-03
1.879330877929691335e-02
2.875397225262229465e-03
-1.386183139205330022e-03
1.665468440396181832e-02
8.119670839884305172e-03
1.292100265130333436e-01
-2.952814366126165629e-03
5.538133548860357108e-03
2.811682650392338754e-03
4.367102659485725021e-03
2.617663012196529485e-03
8.912541426333389985e-03
6.083734598269986867e-03
4.665544216205257566e-04
5.291296777654510251e-03
4.435556368319031745e-03
5.857161234021978496e-03
3.275528773638612147e-03
-3.591018227508588866e-04
2.637264119129976644e-02
5.617433659036172311e-02
-3.652154893001590547e-03
-2.604500158324413520e-03
-1.887474850324305205e-03
1.134673979346679379e-02
6.601600364221630289e-03
-6.553100991250847534e-04
4.701424959480981353e-02
-1.626208269189299838e-03
-2.739035747844763887e-03
1.603353251466321100e-02
5.124058815946862938e-02
4.518483792955061557e-02
1.043749360471602113e-02
7.236857615866293045e-03
2.890220426754878599e-03
-4.070128622004777659e-03
-3.376469751163037152e-03
-9.002711233381279626e-03
-7.688506225750553784e-04
5.198494709112719617e-04
-5.815624879084890092e-03
3.894677271039545530e-02
2.696965060626324226e-03
1.864455978594480945e-03
5.970560454555739159e-03
4.093483922891784366e-02
2.705463082883301923e-02
3.698372429821030014e-03
8.301386937368562119e-03
1.854951423635376601e-02
-6.457667508197792276e-03
6.545675416766190413e-02
9.905537305898189440e-03
1.055309417711170622e-02
1.047689158680693237e-03
-5.527317436908818493e-03
6.787898823704388226e-03
5.448824675689593368e-03
4.536789652609290666e-03
-3.732055632622252508e-03
-4.455131945666974611e-03
1.354947877081116581e-01
4.813948630605100441e-03
6.686558222532328066e-02
1.452017306889165013e-02
1.201703805397331612e-02
-2.371363680673385741e-03
4.063688439908690509e-04
1.849782481373237614e-03
1.397271283388721794e-02
1.808662828471572712e-02
7.257137951802293541e-03
5.327436720162900298e-03
1.137837615049101803e-02
-2.054949659577219156e-03
-1.353152189278581025e-04
5.168306584073956850e-03
1.160597830641143212e-02
1.113054196576560191e-02
3.430042798650190152e-03
3.122567250802467040e-03
-5.458204661486093685e-03
-2.169930003429511485e-03
4.560613848507149778e-03
9.872625390806464771e-03
6.566405038805582864e-03
2.010884825791098285e-02
4.466849982068231591e-03
1.840173204691801859e-02
8.162929168457889323e-03
-1.156942915140733589e-03
-6.797547309985737087e-04
1.170635302894184639e-02
3.538602523492214921e-03
1.301338764278386732e-02
5.344017990279501147e-03
-6.679903255278606469e-03
2.324079964632685090e-03
1.026921881796768283e-03
4.054290453505582370e-03
4.121564983111647949e-03
7.563988602095153904e-03
-2.268143331811989152e-03
-5.739291981784744312e-03
-6.907647846238363504e-03
1.577704885324027542e-02
7.083072133977486376e-03
-5.692376027171538533e-04
-7.895344603932989008e-03
1.581700510597040116e-02
8.489848631619493612e-04
-1.906975271437677012e-03
1.245793313530035515e-03
-2.869955202350985349e-03
8.166290252979602638e-04
1.234824119956279796e-02
-2.814902018595326870e-03
-4.550612473268390509e-03
-3.468807863050144772e-03
1.155152887436668423e-03
3.074956415520389581e-03
1.869838632536247741e-02
2.579102368867443752e-03
2.672993359083299363e-04
-1.955943567384721155e-03
1.636197506609074828e-03
7.464702186464931312e-03
-1.285806603688252180e-03
3.114634071594842707e-03
8.930266560045731217e-03
2.149458135002623154e-03
6.047396699661726494e-02
8.426534770990687373e-03
-2.826586290494271288e-03
2.643983391462290024e-04
-4.324904055064784946e-04
1.034586203068853377e-01
-4.579081328420042500e-03
4.035651130258482728e-04
-3.230668701162264442e-03
-4.352421747111673289e-03
-4.595705064963456765e-03
-3.651304751945238895e-03
4.233003335944920259e-03
-6.326936893316922189e-03
-4.108577017561946230e-03
6.491950383092642482e-03
1.199600892198750962e-02
-4.199407935661585156e-03
1.381613086995106369e-02
-5.270467453141936334e-03
2.275436920214765971e-02
-2.844903252779015790e-03
1.558989277146387124e-02
-7.415267593446732419e-05
6.167633410398446620e-03
5.086840485370325987e-04
4.755088466153547383e-02
6.786039755682336805e-04
3.753572866977959721e-02
-6.485806075426726706e-03
-1.969435232218570177e-03
3.441126547861588208e-03
1.756792344280493773e-02
6.915004430697694292e-03
-5.860539693221924855e-03
-6.474834943893269593e-03
2.118292247664799177e-02
4.622558034318591247e-02
-1.114613691448356446e-03
5.247682724320324246e-03
1.941714426995049328e-02
4.651033038342947145e-04
1.413174496237756296e-03
5.498284723456226333e-03
2.273805208761654935e-03
-1.252249619432404442e-03
-1.851236518719430717e-03
-1.589549322902397309e-03
2.007839344159907669e-02
2.132264485619035470e-03
-2.672079082357060355e-04
-5.528737449416948682e-03
-5.434817899152099771e-03
5.580586768915438492e-05
7.094960116620998430e-03
-1.587050939783642839e-03
1.633909337158343574e-03
-9.540113067334776448e-04
7.748328016175785177e-03
1.274035082853482289e-03
1.960691058957728106e-03
6.846050515182378754e-03
-1.841624957025904310e-03
-6.710432744823090039e-03
3.221314698510469813e-03
-5.114408256470200954e-03
5.891673053149585476e-03
2.073470232181958989e-04
3.654173911432573221e-03
8.396576854127731429e-04
-1.791172546095884171e-03
-7.145231632712103348e-03
2.851030648252197638e-02
1.752674742155739930e-03
7.525247549824969073e-03
8.030188331903914678e-03
-5.708201787525306672e-03
-1.900381079899738333e-03
9.552674476841060275e-03
-7.553604648005235412e-05
2.900207097964871590e-03
1.362981533339551214e-03
1.060964788900958453e-02
-6.427975642444406536e-03
-3.928656833188885061e-03
6.337075176065515639e-03
3.790032074610176147e-03
2.208785149491827859e-02
1.705453862703256926e-02
-5.000854143907881161e-03
7.505453710935730896e-03
-8.213629943335432407e-03
3.616942371926063458e-03
7.790845279559027205e-03
7.373580859032403609e-03
-1.287246240626370095e-03
9.677954157208895972e-03
7.616572663741789234e-03
-1.387189017906201305e-03
4.968935082247984960e-04
4.045423693647257068e-02
5.138365616317711743e-02
1.577919754387620971e-02
-1.880398810285338097e-03
1.401264609555605278e-02
3.778745302475586265e-02
1.221491721849812806e-02
-2.167559436314285808e-03
-1.503912015426143046e-03
3.637658648743750771e-03
3.218675528956205234e-02
5.986696649259207713e-03
5.905544254644978265e-03
-4.481214777220027777e-03
3.093343909229572669e-02
9.619613171083755618e-03
1.958154878104934396e-03
1.019580564552480598e-02
2.258614239293166293e-02
4.658582837222548755e-03
1.155021861424923796e-03
9.715455161510776552e-03
2.080884839617045236e-04
4.280017149926218685e-03
1.275949552425702238e-02
-2.010136761786531900e-03
1.068426070924483051e-02
-6.187757269118332112e-03
-1.014369388540983449e-03
2.639132651046152515e-03
1.731054554924633948e-02
-1.102100040170365686e-03
2.307200933811335425e-02
1.775901358288005383e-02
6.578533464145639581e-03
-3.803926163138846191e-03
1.071029137714343132e-02
7.533085382654265173e-03
4.539105251135458659e-03
1.062294025542539870e-02
5.607296536293627023e-03
1.243574195094133278e-02
4.485480471363727586e-03
-6.065349028765284686e-05
-7.157593207968600962e-03
-6.554176577468139378e-03
6.320703213778554319e-03
9.293880544768423754e-04
3.798328784408953277e-03
5.167619212616923882e-04
3.053008377032542450e-02
1.268083699429780123e-02
1.295452911226077988e-03
1.423308562069365221e-02
4.162875165387701706e-03
3.783639784033909076e-02
3.550918220908111378e-03
3.188769555664056152e-03
1.072295258288867917e-02
-6.051370852579437097e-03
4.188855447827481704e-03
1.191250355645875024e-02
-5.121873982855218096e-03
-1.648005424661165520e-03
-4.488485170507185151e-03
4.577419498286539414e-04
6.001754182835989521e-02
-1.733664790660175998e-03
3.746284264684776599e-02
1.511231796363838795e-02
2.883531459051355550e-02
2.809889521782240555e-03
8.407240023310285845e-03
2.391778218873714945e-03
-6.041447512338735809e-03
2.521445565404238642e-02
3.760600920122908648e-03
2.508497640428656791e-02
-4.498897179173840660e-03
-8.988698934333071567e-05
9.631515021612579780e-04
1.581718176211279955e-02
-2.957583726143512681e-03
-1.842269036197419739e-03
9.165406341090377371e-03
-3.991800725083578458e-03
-2.976824096467623262e-03
2.149238056754663399e-03
4.168327669644773109e-03
-4.663660909220092472e-03
-3.275526157523505049e-03
-5.094978258236127801e-03
-3.855882831122654786e-04
3.422417017947860726e-03
1.926619179417428255e-03
7.764444748055502644e-03
-1.728857849392412618e-03
7.894622927083486813e-03
9.368128075604923236e-03
2.144665680475446243e-02
6.301308354852027359e-03
2.703643889024756521e-03
8.506161818458238613e-03
1.609225760840304886e-02
-1.701236503328606943e-04
-6.607833142753338253e-03
1.142510197282894067e-02
-1.066007914436347065e-03
1.091667580047113797e-03
2.174360735745455627e-03
-4.599021213632971568e-03
1.987739392398121460e-03
-3.425985136888159976e-03
-3.099763616607677848e-03
-5.476738750411404982e-04
1.111207708105711733e-02
2.223681963476250092e-03
-1.329119016435960582e-03
1.606132351740866687e-02
4.131032397983914334e-02
-7.884118725756473003e-03
3.074260621937432297e-02
-5.727299026649826375e-03
1.436373736975429805e-02
-6.991104008005270647e-04
1.504692864472845486e-03
-5.081685331523495136e-03
7.830878453811860804e-03
2.054965306016066830e-03
2.039954811439057079e-03
1.336839518375285661e-03
2.488160347444583198e-03
-2.527554082398150367e-03
2.640190735979472837e-04
7.846436131822713588e-04
3.356390650256474862e-03
-5.240709180581987377e-03
6.374914870877760285e-03
3.602155611010464994e-03
1.521525942323959102e-02
-6.354959458371643027e-03
5.423838756047792350e-04
1.302338103352889721e-03
1.114524324873912391e-02
1.796848966436188563e-02
3.765027663400326643e-03
9.204823039359632305e-04
2.618571652742947460e-03
-1.826488994665771215e-03
1.364682687278002612e-02
9.979258415929071965e-03
-2.268870519195243744e-03
-5.803642176105711092e-03
9.701120491675945543e-04
-6.922456348797670009e-03
8.493864477904834037e-03
-4.141446544867326621e-03
2.949393069251014885e-03
-4.734879282092846475e-03
-4.959854110414346588e-03
-5.480060528079975721e-03
3.210771953423484371e-02
1.938569715240498481e-02
-6.545313400091674720e-03
1.026500065141164146e-02
-4.258387313165014516e-03
6.399025242691427744e-04
2.929177221403075817e-03
-2.713780740751862465e-03
-4.288103100791730571e-03
6.159695227065323762e-03
1.502671256663992878e-02
1.185084982259868025e-02
-5.689145303419234669e-03
-3.755154546449663861e-03
1.524441186199884495e-02
1.483382495777220769e-02
2.989475823852502396e-03
-1.449635377108942497e-03
-2.942624203169686391e-03
3.014564314546356802e-03
6.531893036598963864e-03
-2.655724421585179025e-03
6.098001223352127187e-03
1.768805206317799333e-02
-9.455457954352202961e-04
-9.759558639118866112e-04
3.259984020415495308e-03
-2.639941961536230661e-03
2.483989353945740153e-04
-2.748963339292674352e-04
5.770245818289812447e-04
5.318034119927568873e-03
6.636678859532109571e-03
1.023212447456966524e-02
8.648898286512047076e-03
8.769986313462123026e-03
-1.094693385584874024e-03
-4.530535911113688433e-03
7.233241842021828627e-03
3.208066924532048877e-03
-3.558562423468639743e-04
1.006116187683573845e-02
-7.452076154648912786e-03
2.281585685191277191e-02
1.777483727916459588e-02
-5.169278349738538718e-03
2.780378728155714126e-04
1.044455047731893647e-02
-4.274330349264118291e-03
7.199560808265060598e-03
-1.705945262049704363e-03
-2.806280233826472046e-03
1.046533015926589356e-03
2.122081167054206622e-04
2.045501969551795363e-02
-7.330224335477667549e-05
9.917346972588824208e-03
5.993084097155420079e-03
1.992103688833801040e-03
2.884280675416509097e-03
1.112794598719622080e-02
3.142003952959087059e-03
6.731607254128595466e-03
-5.284563305937645811e-03
5.851802114890229407e-04
-2.074791625790892505e-03
-2.460128530190450365e-03
1.940857971690745486e-03
-3.695535325890213912e-04
-3.299852432450294144e-03
9.846077442843357425e-03
6.701673081605631979e-03
-6.034650897977690380e-03
-1.905747917811231699e-03
1.171271843650969341e-02
1.301205307764608443e-03
-7.130747151394058745e-04
3.015304452011957279e-04
2.939186236578787345e-02
3.617512763317491924e-03
5.143522940089825628e-03
-4.612562563874106868e-03
6.568290391379509596e-03
-5.887120123041381797e-03
-7.736609337733411093e-04
4.067561417759271323e-04
1.913847922555498128e-03
4.606782822389002621e-03
-3.788882737417266066e-03
4.499792513851515879e-03
1.940702837681186448e-03
2.160848635664695469e-02
2.334478722398334368e-03
5.479332185359161132e-03
6.104794273979841784e-02
2.522292656278457904e-02
8.851697079371485463e-03
3.137462639275713245e-03
-4.942781289274253897e-04
2.193468058723431827e-02
-6.237180399404772431e-04
3.722669851153093817e-03
-1.469270466828245282e-05
2.121653721046404609e-02
7.032093439560068576e-03
5.862261000388690330e-02
7.351974355202739453e-03
9.910154441516392035e-03
-4.683674167841871128e-03
5.412475998055744746e-03
1.177614713079969469e-02
-1.902212965550573003e-03
-3.879024222443437815e-03
7.868184345811820440e-03
-1.564748449921576478e-03
1.151151999566929311e-02
1.013099601924154387e-02
-1.240597724706646874e-03
-9.661467791363654266e-05
3.910793218318995429e-02
-4.539794630695667341e-03
-4.843553073193697205e-03
-2.716499939906406001e-03
4.891995586188452490e-04
4.307139533011119376e-03
-1.789471248789523215e-03
1.025213116867049884e-02
2.391274771002109209e-02
1.263610438867302822e-02
1.393912694536070251e-02
-4.314078887035783095e-04
-9.509891731544792108e-04
4.552278674111653878e-02
2.365187714329380908e-02
-3.751637347046391131e-03
9.805119109709312109e-03
1.129690970265145866e-02
-4.479489246314650661e-03
-3.058772599296870776e-03
-4.727843918962258522e-03
3.853609738365011694e-02
9.467981612738524512e-04
-4.332050070866367945e-03
-1.436225480881531385e-03
5.750430973655144308e-03
-4.503792130424799818e-03
-6.749750043107001149e-03
2.863260821087006830e-03
1.743432671372602315e-03
-1.400559501816475965e-03
2.329222959698552982e-03
-2.326666162963663201e-03
-2.806557876701053222e-03
-3.053566958468644909e-03
-2.593149694158547805e-03
3.684759312030044288e-03
-1.247340361002935872e-03
4.311862138548208136e-03
1.005491980537033016e-02
-4.970389940052871020e-03
3.037954102666570603e-04
1.120710610287044794e-02
7.485927948096359093e-03
1.195856714632193615e-03
1.091380742787406970e-03
1.014654227705924505e-02
1.214625352478322304e-02
-3.184430124953173055e-03
6.481177510228748866e-04
4.514338280181480131e-03
-5.852958765223455900e-03
-3.310546494572890602e-04
3.791301325492035801e-02
4.360065465883610630e-02
-1.820080521101262797e-03
1.658053830464510311e-02
-5.820752682779496354e-03
-4.494848845640777961e-03
8.468061999813748103e-03
-4.264111815589314300e-04
-1.646684968119020535e-03
1.566905249622593463e-02
1.592445484354847868e-02
-4.432509115302072852e-03
-3.731208400923587045e-03
4.819934686408694317e-03
1.499405675782564291e-02
5.696736216040315832e-03
-5.916754637651645658e-03
5.373284245329059891e-03
-1.633876067302704894e-03
5.386141107848661964e-03
-7.880223904900196877e-03
3.314889743521971799e-02
7.882165732636987540e-03
2.555986035535694721e-03
-4.116311513812886437e-03
3.965028073789231451e-03
1.048450708925785513e-03
8.967510474935512510e-03
1.692225428312846974e-02
-4.013551718636564070e-03
1.206891189451747559e-02
5.533262395824338313e-03
8.875260934103785040e-03
-1.861263175501715744e-03
8.021431857562580717e-03
3.594671976361844476e-03
-2.070987932564087846e-03
-4.520394300338063942e-03
-5.057983928466547839e-03
4.044976806917333122e-04
2.884282654283235742e-02
1.436946327259089676e-02
1.413392886200618911e-02
-4.400162460136029970e-03
4.075763869930847561e-04
1.621588226267017124e-02
-1.893609327451322658e-03
2.387923591350123512e-02
-3.484132732578129263e-03
4.178089709795741562e-03
-7.713793028131788604e-03
-2.023520820560893978e-03
-3.270520841650809661e-03
1.080399818912778677e-02
-3.180564384909917615e-03
5.335193702383485975e-02
1.407717460635549145e-02
2.948339087379717519e-03
2.195225481675532053e-02
1.614619334188885846e-03
-4.297002727717782154e-03
1.794595462872607475e-02
8.010316239648836156e-02
2.476776385661651030e-03
-6.386149479261919032e-03
1.588733077562879455e-03
-3.001911162137649129e-03
1.990922611781688681e-03
8.155067070694490411e-03
1.377689667370752408e-02
-8.496421266262254093e-04
6.861826481242365959e-04
-6.449758363694130248e-03
1.521656696657151808e-03
-4.794555483028069623e-03
2.057720828438221964e-03
9.012622940277483993e-03
-1.326479822979984274e-03
3.819862790616346520e-03
4.825668462770099122e-03
5.866764955577834749e-03
1.468428716536711309e-02
1.724788599256709201e-02
9.991961794739794532e-04
2.930872416539528728e-03
-5.043850696180553206e-03
5.769980835903272542e-02
-2.086623535491278179e-03
9.917085536624389852e-03
1.786898282192021792e-02
8.784718109952897869e-03
3.756366405815884935e-02
1.423362231588485086e-02
-5.252309835776136811e-04
7.612635630891914640e-05
-6.070219801239546027e-03
4.613812955401006000e-02
2.716770567943048355e-03
1.624518852435662131e-01
-7.670338241501093498e-04
-4.103602359531231640e-03
-3.276405343257953883e-04
-4.874661718263187393e-03
1.044273921624765079e-03
1.466886219774710077e-03
2.836533513671508130e-03
3.467460989213371706e-03
-2.718199684434621961e-03
-4.794306576438435528e-04
6.528875448838738701e-03
1.375830807041937380e-02
-1.980937382849032313e-03
-4.537579151465739175e-03
7.168463388442181984e-03
1.529217706386289555e-03
3.014699834386872987e-03
1.969334444549260352e-03
1.521103389887161136e-02
-5.007073402410196217e-03
-2.447105432041792733e-03
-2.754639312173138167e-03
2.544293358677263226e-03
2.920801722011438263e-03
-4.114425208004228104e-03
2.097356827561390816e-03
6.568860085329632399e-03
3.748368181278215888e-02
1.349637408421972169e-02
-1.664774224469869283e-03
1.037213311615614326e-03
1.769312557102620427e-03
6.439309856537404203e-03
2.829075549818870893e-03
1.704175492609328430e-04
5.608551952922317257e-03
-1.535696268653132749e-03
-6.927535344818251499e-03
-2.256640384919306359e-03
-2.887258132904130595e-03
1.073786172039077960e-02
3.512319873857955473e-03
3.707454753359303024e-02
-2.271306446876717659e-04
-5.094713319587119852e-04
-5.772960973460164631e-03
8.230107002367068308e-04
7.893480367808757003e-03
1.546927952805320604e-02
2.209884939968830356e-02
6.684080887782438939e-03
-5.167521219147758541e-03
1.404707365811169598e-03
-4.335283390333922841e-03
1.681922760624369887e-03
-5.007149896370956428e-03
2.365326008589765244e-02
-3.395494116886378817e-03
1.226679998102294875e-02
1.522941451723983618e-02
1.827763244235311793e-02
1.682760806644556214e-03
1.143639903028020747e-03
1.979305060530864996e-02
-5.051889989739591011e-03
7.700604668080804870e-03
1.042769245862351776e-03
-1.388896352908272624e-03
-1.567348120613471559e-03
3.434747653680174373e-02
7.570261390528967849e-02
1.553440806761785184e-02
2.999154921591564316e-03
-4.401396350234510792e-03
-1.979213081458713322e-04
-1.665919405143806821e-03
2.649921102013430216e-02
1.189242893896409574e-02
6.965399997637545214e-03
-2.704060140630577379e-03
2.491039281577107911e-02
1.309594146480430599e-02
-4.916499607567693594e-03
-6.236598802087411561e-03
3.319756454319296255e-03
2.579666404043003906e-03
2.842302753042154351e-03
1.410523904590782647e-02
-2.640213837595978448e-03
-1.479522330710799716e-03
1.794660949460775284e-02
1.012665312422187172e-02
2.407389956368913633e-02
3.134432623383343573e-03
-3.348235424994532809e-03
-3.253401278784675849e-03
9.683001633014233153e-03
-1.562897740781378888e-03
4.081557676463920016e-03
7.660508638025244083e-05
-8.153901160019806291e-05
7.165968825805760136e-04
2.406043130356933304e-02
-1.011580366889991032e-03
5.204725875879090934e-03
1.173961467321725863e-02
-6.628333085464096011e-03
2.532158971248096163e-02
-1.392555913497241140e-03
-4.370845087697768257e-03
1.357275436685662084e-02
5.368144478982906330e-03
3.266010098498679792e-02
5.502213731397993107e-03
-2.781506195372865017e-03
5.920744863913563871e-04
-1.351688741352424306e-03
1.591011549901176492e-02
1.363607034418423507e-02
-4.062372550855007300e-03
6.919694305184561321e-03
1.567517586199208834e-02
2.010154984753692933e-02
1.054540014663840272e-02
2.379008065053751439e-02
2.224428734226322965e-02
6.658560886987676883e-03
-6.183315144738388801e-03
6.353082409764864748e-03
1.007420591857377361e-02
-4.064126940982765168e-03
8.900373341430222688e-04
4.966269713167255871e-03
-6.247580170078649055e-03
-1.183281827491198829e-03
-6.449733301356304523e-03
2.326155303506738034e-02
5.519163289008728081e-03
1.234788794247205883e-03
-2.362717016969098074e-04
1.895409620937175835e-03
1.007170608445930949e-03
4.386139381280518279e-03
1.229050261663549443e-02
3.942602922768660223e-04
6.764028059886253996e-03
2.245456732670102207e-02
1.908565136416839718e-03
-5.071594434720910543e-04
8.825008042342494599e-03
9.613429082026133873e-03
-5.238791384798983930e-03
8.683049193355500423e-04
1.272454332766559219e-03
1.940758087174446157e-05
1.733022678671745399e-03
2.732694300384839320e-02
4.777632795969992408e-02
4.382704430234851678e-02
9.267782170009586720e-03
3.164799107138396503e-03
4.414516275111515873e-04
8.625245528266529613e-03
-4.291074881834524429e-03
-1.478156341180892350e-04
-5.456334570918176634e-03
4.235116817772517812e-03
1.340785285782766789e-02
8.774847638012228668e-03
-2.857614087368862653e-03
-3.531470644650811126e-03
-3.409620151317109267e-04
-2.344278861333331902e-03
3.749239909577692376e-02
-8.208364485224554224e-03
7.680752669970657837e-03
2.649430084913573930e-03
4.506964918953808470e-03
4.524422056979478593e-03
-2.381759877156114889e-03
3.284729442505627747e-03
1.316560608841952501e-02
2.184919558579394988e-03
3.877721888541259872e-03
2.157565911837971279e-02
-3.978242594177860449e-03
-9.856061706355358481e-04
-1.219071659251327530e-03
-5.977435871735371081e-03
6.467737736085507096e-04
2.866084402521101512e-02
-2.400357786444826894e-03
3.169441938295843638e-03
-6.118291464539433490e-03
-1.606757368512824746e-03
-3.939479926504485616e-04
3.786154309865717629e-03
-3.258728049959778734e-03
5.788041870608710837e-03
4.379161259593542660e-02
-2.160568198997851914e-03
6.653789313168623210e-03
1.147826275717390640e-02
2.163546608597519735e-03
1.133430735443194349e-03
-2.424578015502614533e-03
5.718264376296440868e-03
-6.429142911596477661e-03
3.537862319922512868e-04
5.932267307051305137e-03
3.138668782085244496e-02
7.858095695229601330e-02
1.299402583238314784e-02
7.611880883796399468e-03
3.011639612536696261e-03
1.124614332305674206e-04
-7.656870802794104279e-03
5.496007989804508991e-03
1.849740190197725342e-02
9.534546640023551164e-03
3.232339621613907615e-02
3.219828967650368353e-03
1.228037618596394646e-02
1.666189474314087350e-03
1.719016710981968385e-02
2.135140218158279590e-02
4.846863517951816719e-03
6.558222096472885072e-03
4.187531414223704361e-03
2.032022042481301111e-02
1.182355572424942901e-03
3.833291442746487431e-03
5.170595197011770665e-03
2.648371671226553131e-03
5.233554300120913869e-03
8.184748146444079456e-03
2.451251658826604160e-03
-6.645543620598754961e-03
4.672624871613063197e-03
9.527942161515406266e-03
3.421144539718220384e-02
1.506274372977279251e-02
1.984229745766982050e-02
-7.520486294280727228e-03
4.101704086029477059e-02
7.683354415850189231e-03
1.685836975280552083e-02
1.782489869414632944e-02
7.168041972992590660e-02
-2.642772296080302032e-03
8.470439538376976774e-02
6.629391628061254149e-03
1.313726267458415441e-02
-6.508341435037603116e-03
-1.148072699414725553e-03
1.336158239709397955e-02
2.088389968934426140e-03
8.131786197901511373e-03
6.278410317768366201e-03
7.014520894660007319e-03
6.619277741041501182e-04
-5.308732244315566076e-03
-5.159243793253288565e-03
6.828746884601719254e-03
-7.906593257246087234e-04
-3.079687362206733579e-03
4.602713783869443343e-04
-3.297992510506070384e-04
7.961768252439430614e-04
-3.480865524752078249e-03
5.931555105217876760e-03
-3.201548791148750486e-03
1.444046465816664583e-03
5.217606688202341102e-03
3.416746332440636236e-03
1.024870058580850882e-02
-4.965876484585871574e-03
9.574379672599234170e-03
-3.462728294168978226e-03
-3.119780212913621145e-03
-2.837762060370582849e-03
3.822133804977640662e-03
2.395946265207621415e-03
1.885976807675522615e-02
-5.649797102191883233e-03
-9.475554646986467404e-04
3.142771085408995347e-03
1.241803868602965079e-02
4.547012755507492954e-03
9.658351370576790523e-03
-3.880918903011683352e-03
9.543134979648638244e-03
1.327338772197137785e-03
5.020248461259146922e-03
2.322482940101815250e-03
-6.258397752548753960e-03
-8.241635259238588689e-04
-1.056232673830133232e-03
3.581412757254588859e-03
-3.871257009667626852e-03
1.836595714800435750e-03
-2.795809315153672918e-03
-3.366405471827673551e-03
1.340313841657990272e-02
1.100205286198854306e-02
9.300091584114015750e-03
2.066228755078818036e-02
-2.138630636945614179e-03
1.696822983850616601e-04
2.531065885866214896e-03
1.216040759315857242e-02
1.094818713855143623e-03
9.911988465249177774e-03
1.397004348150076951e-02
2.395489768214042071e-03
2.549173180535058321e-03
5.400364090928466525e-04
-4.532289977144713343e-03
-8.212538305993536195e-03
5.726366873400028611e-03
7.506989327361696281e-03
-4.442024742926790545e-03
1.322356724358542124e-02
5.501819928084608104e-03
1.884968629812264207e-02
6.681777130882351687e-03
-1.408777300523294130e-03
2.238057180507484287e-03
3.617855381595874373e-03
-2.227750275767435492e-03
-2.490104572928001844e-03
-5.359990595876887136e-03
-1.031678374138984616e-03
-3.885026827604947872e-03
1.423151124702916326e-02
4.513053866960726676e-03
8.271085127240158149e-04
3.733625511628806820e-02
-5.208698891633543361e-03
3.109584553562174704e-03
1.115654151852003666e-02
-1.047230052301766773e-03
2.404868269644894196e-02
1.152925701354950636e-02
-1.250787528509044420e-03
1.911675385413235881e-03
1.821238409485926094e-02
5.192747437367132429e-02
5.747990059897623710e-02
1.162194731402175878e-02
-4.832878555293722983e-03
1.825634926759716475e-02
-3.902485999838966203e-03
8.034704943913392045e-03
2.711389651068946832e-03
1.520483224767200589e-02
-3.312144762132014555e-03
7.647836234913869477e-03
-8.709685038067434618e-03
-2.268050725760580727e-03
1.601349120051550473e-02
2.504036398884066858e-02
5.003815872344245450e-03
-5.186879001543025398e-03
2.420431491051134448e-03
-1.457872655143124243e-03
7.886498139686431291e-03
3.371015818004762660e-02
-4.731429899388950354e-04
-9.293554788561268244e-04
3.128609155275768883e-03
1.027055967599942859e-02
-5.455401934066843317e-03
1.241197482616166956e-02
1.302366595835138807e-02
1.292536306327184137e-02
-4.041883750454658072e-03
1.084763993399111108e-02
-5.002273298830702160e-03
1.896940184276238103e-03
9.475997032912339847e-04
-2.829864822580751855e-03
-1.478317073204805758e-03
5.322370300774934351e-03
1.623047445138144432e-02
2.883172596739798886e-03
-1.714485334464377602e-03
-2.221229960123906940e-03
1.266377106126873042e-02
3.771939186813055237e-03
-2.691097359370754009e-03
1.731417276323002526e-03
1.892982682109560152e-02
-1.424632677579006253e-03
-2.284713537845383530e-03
1.898769085236893042e-02
-3.573391109335061384e-03
-2.536624143359645679e-03
-1.356205084801850522e-03
-6.504707684175952851e-04
2.847864680376853029e-04
1.649908737943622805e-02
5.412355858802023190e-03
3.411769020157581593e-03
5.830471020584626282e-03
-6.866022289558081776e-03
-4.230116726463829758e-04
1.205634755264630570e-02
6.829043752102171259e-03
-7.422320022216120916e-03
3.488700141354471491e-03
-3.481379516173980452e-03
7.380804102931350086e-02
-1.829447379464119953e-03
4.635633010603259704e-03
7.539571065143593764e-03
1.069144797345328995e-02
2.184493746308400521e-03
3.764871740417244372e-03
8.990488450501761541e-02
-6.813835091662044131e-03
5.301720740931295701e-03
2.584844888082141450e-03
-3.115886725812674722e-03
3.448707108588734433e-03
3.310870981033281132e-03
-6.009334408492552140e-03
-2.886016569963928413e-03
7.548401703884664686e-03
8.964422352869658508e-03
-4.179526208971941562e-03
1.074155313254131910e-02
9.108827894960877655e-04
1.284671792272983233e-02
5.475085174455667988e-03
2.037616352356247384e-03
-4.219488491324247317e-03
-2.946882750812425747e-03
2.974086987774182678e-03
3.918317751586773701e-02
1.151409779304346515e-02
8.360524843382692931e-03
1.864784335516246269e-02
2.902269269501828522e-02
-3.758347013616722757e-03
3.456548691421053050e-03
4.803504005001725530e-02
9.556568264534796506e-03
6.012583829577674947e-03
4.559498829445754464e-02
3.036570976570050068e-02
1.461159510372069849e-02
-4.895557442679171999e-03
-2.991139658929014081e-04
3.021803007153544673e-03
5.415088206309296229e-03
8.491465771951353658e-03
-7.212722679263271902e-03
1.006058522642825742e-04
-3.941693810324837198e-03
6.232639651654804658e-02
8.156535110424587356e-04
1.577583097067295978e-02
1.765732819570612136e-02
-1.232513149155924992e-03
1.907499948112707441e-02
-3.170025977341588662e-03
2.532536633580291692e-03
1.321459369537853756e-01
-3.852584020478045084e-03
2.369533749224414856e-02
1.158926887099341781e-02
1.157302444985418462e-02
5.697658759464744455e-02
1.293129571749304868e-03
1.649673456999032478e-02
1.986422089983751887e-02
-2.261770864641507450e-03
3.379521884364890261e-02
1.949300818630399744e-03
2.304727175688215529e-02
8.192443718848510872e-03
1.287055679747323503e-02
7.094164250565593473e-03
-3.797044779975995103e-03
1.271859316817120292e-02
2.052035274864847172e-02
2.341698219824015024e-03
8.811537959315295099e-03
1.447714087490079102e-03
6.579471904240380420e-03
8.290214991374815533e-04
2.113392038285764277e-03
6.598844075661734754e-02
2.783804967974598012e-03
-2.547947307373606227e-03
8.846313796091666293e-03
2.601385761663068015e-03
3.442914705949217530e-03
-1.846271133118939072e-03
2.897556312141905122e-02
-6.376320988307487489e-03
-6.543914485045244055e-03
-3.997480498625534395e-03
-6.689943302160938476e-04
-2.581734058213037281e-03
-6.701045537079668157e-03
-4.363610437347691454e-03
1.661658552831655122e-03
2.820901100053836968e-03
3.746805847888597628e-03
1.213165734086364689e-02
1.471170523965173709e-03
8.705467087556182509e-03
1.721622042256019339e-03
6.596784558403592964e-03
-6.574205414836799960e-03
-8.466223424773797884e-04
2.443255715900643534e-03
4.185574930038298697e-02
-3.309592904147205979e-03
-2.152681757930454548e-03
9.152105310802014990e-03
-4.784812094521292102e-03
2.662808977644411622e-03
-4.871358241442103401e-03
-4.411356594926862072e-03
5.236781493461536638e-03
7.529062882331840831e-04
8.560722838582085492e-03
4.980304017975860885e-03
9.354618548166927089e-03
4.936792219882905029e-03
-8.127336887566300599e-03
5.320888485918866956e-03
1.095439454527345931e-02
2.147121930093321557e-02
-2.555755777017872619e-03
4.241641098752151409e-03
-5.407107913445953831e-03
6.905733868840470760e-03
1.413275244223847690e-02
-7.080145034852848400e-03
8.774419866524076073e-02
6.645156430472553589e-03
-1.091783374728162812e-03
1.938773824677967814e-03
7.175364723376641621e-03
3.051082811614595075e-02
1.074724399967708251e-02
6.133962948235038848e-02
1.070398509513065168e-03
8.964796461567071592e-03
1.146905574056245047e-02
-2.873232644374429118e-03
4.867587427684797775e-03
-3.626285797804071863e-03
1.468040863626693913e-02
3.269679213610483109e-02
1.559002292718205535e-02
-4.468860438773768901e-03
2.786018219409272176e-02
7.352497138217266130e-03
1.390874262005197155e-02
1.399040456749173385e-02
1.581610504393844187e-03
3.673766649522459764e-04
1.235736377989514988e-02
-4.800611737095190207e-03
2.962778373899245879e-02
6.305522598553780361e-04
-4.351319405317105593e-03
1.843319777485975721e-03
-1.045179939740816443e-03
9.854776485118205143e-03
-2.830843673163692853e-04
7.065107679959485576e-04
